1	2	0.272	0.38E-03    320E-09 	0 320E-09 	    0   1	207	0.07
2	3	3.3 	0.45E-03    150E-09     0 150E-09       0   1	44	0.03
2	4	0.272	0.38E-03    320E-09     0 320E-09       0   1	207	0.035
4	5	0.78	0.40E-03    210E-09 	0 210E-09 	    0   1	108	0.03
4	6	1.21	0.42E-03    230E-09     0 230E-09       0   1	82	0.105
6	7	1.21	0.42E-03    230E-09 	0 230E-09 	    0   1	82	0.03
4	8	0.554	0.39E-03    260E-09 	0 260E-09 	    0   1	135	0.07
8	9	0.272	0.38E-03    320E-09 	0           320E-09 	0           1	207	0.03
8	10	1.21	0.42E-03    230E-09     0           230E-09     0           1   82	0.105
10	11	3.3 	0.45E-03    150E-09 	0           150E-09 	0           1	5	0.03
10	12	1.21	0.42E-03    230E-09 	0           230E-09 	0           1	82	0.035
12	13	1.21	0.42E-03    230E-09     0           230E-09     0           1   82	0.035
7	14	0.78	0.40E-03    210E-09   	0           210E-09   	0           1	108	0.038
13  15  0.554	0.39E-03    260E-09     0           260E-09     0           1   100 0.1145
11  16  0.554	0.39E-03    260E-09     0           260E-09     0           1   100 0.1145
9   17  0.554	0.39E-03    260E-09     0           260E-09     0           1   100 0.1145
7   18  0.554	0.39E-03    260E-09     0           260E-09     0           1   100 0.1145
15	19	0.0986  8.9859e-04  6.6765E-05  3.4447E-4   3.3381e-05  1.7224E-4	1   100 1
16	20	0.0986  8.9859e-04  6.6765E-05  3.4447E-4   3.3381e-05  1.7224E-4	1   100 1
17	21	0.0986  8.9859e-04  6.6765E-05  3.4447E-4   3.3381e-05  1.7224E-4	1   100 1
19  22	1.1674	0	        0	        11.5407E-3	0           0           1	100	1
20  23	0.6254	0	        0	        36.1059E-3	0           0           1	100	1
21  24	1.0000	0	        0	        10.0000E-3	0           0           1	100	1
